08061064
12062010
12062026
14061701
14061703
15061016
15061030
15061031
15061043
15061078
15061502
16061006
16061007
16061012
16061015
16061018
16061022
16061026
16061034
16061054
16061055
16061060
16061069
16061075
16061076
16061080
16061105
16061129
16061701
16061902
17061001
17061005
17061007
17061009
17061010
17061011
17061012
17061013
17061014
17061015
17061016
17061017
17061019
17061021
17061023
17061025
17061026
17061027
17061031
17061033
17061037
17061038
17061039
17061041
17061043
17061044
17061045
17061046
17061053
17061055
17061056
17061058
17061059
17061061
17061062
17061063
17061066
17061070
17061071
17061072
17061074
17061076
17061077
17061078
17061079
17061080
17061502
17061606
17061609
17061612
17061703
17061902
17061903
17061905
18061002
18061003
18061014
18061020
18061024
18061030
18061032
18061039
18061043
18061046
18061048
18061049
18061055
18061058
18061059
18061064
18061067
18061069
18061078
18061079
18061082
18061502
18061606
18061608
18061610
18061614
18061616
18061902
18061909
19061602
19061603
19061605
19061606
19061614
19061616
19061622
