14013092
14042057
14061712
14061906
14069025
14069901
14069904
15061005
15061009
15061011
15061017
15061028
15061050
15061059
15061066
15061068
15061704
15061705
15069007
15069015
15069036
15069902
16061013
16061017
16061018
16061021
16061035
16061041
16061071
16061078
16061081
16061083
16061085
16069002
16069006
16069007
16069008
16069010
16069011
16069013
16069017
16069020
16069022
16069024
16069025
16069029
16069030
16069032
16069033
16069037
16069041
16069902
16069904
17061018
17069001
17069014
17069015
17069030
17069033
17069041
17069051
17069601
17069610
18061615
18069602
18069604
19069604
19069605
