12061054
12062026
13061002
14013092
14042057
14061701
14061707
14069040
15061025
15061028
15061030
15061038
15061046
15061047
15061052
15061058
15061060
15061061
15061066
15061069
15061072
15061904
15065020
15069011
15069020
15069024
15069026
15069029
15069030
15069032
15069038
15069902
16061001
16061009
16061037
16061038
16061039
16061040
16061041
16061042
16061043
16061044
16061046
16061049
16061051
16061055
16061056
16061057
16061063
16061066
16061069
16061070
16061073
16061075
16061078
16061080
16061081
16061082
16061085
16061501
16061701
16061702
16061704
16061902
16069002
16069004
16069005
16069006
16069013
16069014
16069023
16069032
16069033
16069037
16069041
16069045
16069056
16069068
17061018
17061029
17061034
17061035
17061036
17061050
17061051
17061057
17061071
17061611
17061703
17061907
17069033
17069046
17069604
17069609
17069611
18061606
18061608
18061609
18061614
18061615
18061616
