12062026
13061002
14061005
14061609
14061901
1505B012
15061025
15061035
15061060
15061069
15061073
15061907
15069031
16061007
16061018
16061027
16061036
16061054
16061060
16061069
16061072
16061075
16061098
16061099
16061113
16061129
16061907
16069016
16069018
16069034
16069074
17061004
17061005
17061010
17061012
17061013
17061014
17061015
17061016
17061021
17061023
17061025
17061033
17061034
17061038
17061039
17061040
17061042
17061048
17061054
17061055
17061058
17061060
17061061
17061062
17061063
17061065
17061066
17061068
17061075
17061076
17061077
17061079
17061606
17061608
17061705
17061903
17061904
17061909
17069012
17069013
17069019
17069021
17069024
17069025
17069031
17069034
17069038
17069039
17069040
17069048
17069049
17069050
17069501
17069604
17069702
17069903
18061004
18061021
18061024
18061025
18061032
18061039
18061040
18061043
18061045
18061053
18061055
18061064
18061066
18061067
18061069
18061082
18061608
18061610
18061612
18061909
18069027
18069050
18069901
19061602
19061605
19061606
19061609
19061610
19061612
19061616
19061622
19061625
19061703
19069004
19069601
19069603
19069605
19069613
