13061002
14069025
14069040
1505B028
15061053
15061066
15069015
15069016
15069020
15069024
15069032
15069038
15069703
15069902
16069002
16069004
16069005
16069012
16069016
16069022
16069024
16069033
16069036
16069047
16069056
16069066
16069074
16069904
17061021
17061043
17061044
17061046
17061058
17069001
17069003
17069004
17069005
17069006
17069007
17069012
17069015
17069016
17069017
17069018
17069019
17069020
17069023
17069025
17069026
17069029
17069031
17069034
17069035
17069037
17069038
17069040
17069041
17069042
17069043
17069044
17069047
17069050
17069501
17069604
17069609
17069610
17069901
18061024
18061025
18061032
18061901
18061908
18061909
18069001
18069003
18069006
18069009
18069012
18069017
18069023
18069027
18069028
18069030
18069031
18069039
18069041
18069043
18069047
18069605
18069606
18069906
18069907
19069601
19069603
19069605
