12062026
14061045
14061609
14061701
14061707
14061712
14061901
14061906
15054021
15061004
15061005
15061007
15061009
15061011
15061015
15061017
15061021
15061022
15061023
15061025
15061027
15061028
15061029
15061030
15061032
15061035
15061036
15061037
15061039
15061041
15061045
15061046
15061050
15061052
15061053
15061054
15061055
15061058
15061059
15061061
15061062
15061066
15061067
15061068
15061075
15061077
15061080
15061501
15061502
15061503
15061504
15061701
15061704
15061705
15061904
15061906
15061907
15065020
16061004
16061009
16061011
16061015
16061017
16061022
16061027
16061034
16061039
16061043
16061045
16061047
16061053
16061055
16061058
16061060
16061061
16061063
16061065
16061078
16061083
16061085
16061086
16061095
16061098
16061099
16061121
16061607
16061701
16061901
17061034
17061040
17061703
17061907
18061604
18061606
18061607
18061608
18061609
18061610
18061615
