12062024
12062026
13061014
14061703
14061901
15054021
15061031
15061035
15061043
16061001
16061004
16061005
16061006
16061009
16061010
16061012
16061015
16061022
16061023
16061025
16061026
16061027
16061031
16061036
16061037
16061039
16061043
16061044
16061045
16061047
16061049
16061051
16061052
16061054
16061055
16061056
16061060
16061061
16061063
16061065
16061070
16061073
16061076
16061080
16061098
16061105
16061113
16061501
16061612
16061701
16061702
16061704
16061902
17061003
17061004
17061024
17061028
17061034
17061040
17061047
17061049
17061051
17061068
17061071
17061502
17061606
17061611
17061703
17061907
17061908
18061020
18061502
18061606
18061607
18061609
18061611
18061613
18061902
19061609
19061616
19061622
