16061003
16061060
17061002
17061016
17061033
17061037
17061045
17061052
17061055
17061058
17061060
17061066
17061072
17061502
17061701
17061702
17061705
17061904
18061001
18061005
18061007
18061008
18061009
18061011
18061012
18061013
18061015
18061016
18061018
18061019
18061020
18061022
18061023
18061026
18061028
18061029
18061031
18061034
18061036
18061037
18061041
18061044
18061052
18061056
18061057
18061060
18061061
18061062
18061063
18061070
18061072
18061073
18061075
18061077
18061080
18061081
18061501
18061502
18061703
18061904
18061906
18061907
18061909
18061910
19061007
19061008
19061010
19061011
19061014
19061018
19061020
19061021
19061025
19061026
19061028
19061034
19061035
19061041
19061042
19061044
19061051
19061053
19061055
19061062
19061063
19061069
19061070
19061075
19061076
19061079
19061082
19061601
19061602
19061603
19061605
19061612
19061617
19061619
19061620
19061905
19061908
19061915
