08061064
10062071
13061014
14042057
15051023
15061082
15061502
15069015
16042055
16061008
16061015
16061025
16061105
16061121
16069005
16069012
16069036
16069903
16069904
17051031
17061001
17061002
17061007
17061008
17061009
17061011
17061017
17061019
17061020
17061026
17061027
17061028
17061030
17061031
17061037
17061041
17061043
17061044
17061045
17061046
17061047
17061053
17061056
17061059
17061064
17061070
17061073
17061074
17061078
17061080
17061082
17061502
17061602
17061609
17061703
17061902
17061905
17069003
17069005
17069006
17069007
17069011
17069016
17069017
17069018
17069020
17069023
17069026
17069027
17069028
17069029
17069035
17069037
17069042
17069043
17069044
17069047
1805B049
18061002
18061003
18061014
18061020
18061030
18061046
18061048
18061049
18061058
18061059
18061078
18061079
18061501
18061502
18061605
18061611
18061902
18061908
18069001
18069003
18069006
18069009
18069012
18069017
18069023
18069028
18069030
18069031
18069039
18069041
18069043
18069047
18069606
18069907
19061601
19061603
19061611
19061614
19061620
19061623
19061624
