08061064
12061046
13061014
14061045
14061609
14061701
14061707
14061711
15054021
15061028
15061068
15061614
15061907
16061007
16061008
16061012
16061015
16061018
16061022
16061025
16061026
16061045
16061051
16061055
16061056
16061060
16061075
16061076
16061129
16061612
16061701
16061702
16065225
17061001
17061005
17061007
17061008
17061009
17061010
17061011
17061012
17061013
17061014
17061015
17061016
17061017
17061018
17061019
17061020
17061023
17061025
17061026
17061027
17061029
17061030
17061031
17061033
17061037
17061038
17061039
17061040
17061041
17061045
17061047
17061053
17061055
17061056
17061059
17061061
17061062
17061066
17061068
17061070
17061071
17061072
17061073
17061074
17061076
17061077
17061078
17061079
17061080
17061502
17061602
17061606
17061611
17061703
17061902
17061903
17061905
17061908
18061002
18061003
18061014
18061020
18061030
18061039
18061040
18061043
18061046
18061048
18061049
18061055
18061058
18061059
18061064
18061067
18061069
18061078
18061079
18061082
18061501
18061502
18061606
18061608
18061610
18061616
18061902
19061602
19061603
19061605
19061614
19061616
19061622
19061623
