08061064
14061901
1505B012
15061504
16061003
16061007
16061008
16061052
16069034
16069903
17061008
17061009
17061010
17061011
17061017
17061020
17061021
17061025
17061026
17061030
17061031
17061043
17061044
17061045
17061046
17061048
17061056
17061060
17061065
17061074
17061075
17061078
17061080
17061608
17061902
17061903
17061909
17069003
17069004
17069005
17069007
17069011
17069016
17069018
17069020
17069021
17069023
17069024
17069026
17069027
17069029
17069031
17069038
17069040
17069042
17069043
17069044
17069050
17069052
17069702
18061003
18061014
18061030
18061032
18061046
18061048
18061049
18061053
18061058
18061059
18061069
18061078
18061079
18061611
18061613
18061901
18069001
18069003
18069012
18069027
18069028
18069041
18069043
18069047
18069050
18069605
18069606
19061614
19061621
19061622
19061623
19069613
