17069008
17069034
17069049
18061010
18061017
18061027
18061035
18061038
18061042
18061051
18061065
18061076
18069004
18069005
18069007
18069008
18069010
18069013
18069014
18069015
18069016
18069018
18069020
18069021
18069022
18069024
18069025
18069029
18069032
18069033
18069034
18069036
18069037
18069038
18069040
18069042
18069044
18069045
18069046
18069048
18069049
18069051
18069052
18069053
18069701
18069702
18069901
18069902
18069903
18069904
18069908
19061005
19061038
19061056
19061072
19061081
19061609
19061613
19061703
19061909
19061910
19069004
19069007
19069009
19069010
19069011
19069012
19069014
19069015
19069016
19069019
19069022
19069023
19069026
19069027
19069029
19069033
19069036
19069037
19069039
19069044
19069045
19069046
19069048
19069052
19069601
19069603
19069604
19069605
19069606
19069607
19069610
19069612
19069701
19069903
19069904
19069905
19069906
19069911
19069917
19069919
19069920
19069922
19069923
19069925
19069928
19069929
19069931
19069932
19069933
19069936
