12061054
12062026
13061014
14061609
14061701
14061711
15054021
15061043
15061068
15061907
16042055
16061007
16061017
16061022
16061039
16061060
16061072
16061076
16061098
16061129
16061902
16061907
16065225
17061001
17061002
17061007
17061009
17061010
17061011
17061012
17061013
17061014
17061016
17061019
17061021
17061023
17061025
17061026
17061027
17061028
17061031
17061033
17061037
17061038
17061039
17061041
17061043
17061044
17061045
17061046
17061053
17061054
17061055
17061056
17061058
17061059
17061060
17061061
17061062
17061063
17061064
17061065
17061066
17061070
17061074
17061075
17061078
17061079
17061080
17061082
17061502
17061602
17061608
17061609
17061703
17061705
17061902
17061903
17061904
17061905
17061909
18061002
18061003
18061004
18061014
18061021
18061030
18061032
18061039
18061043
18061045
18061046
18061048
18061049
18061053
18061055
18061058
18061059
18061064
18061066
18061067
18061069
18061078
18061079
18061082
18061502
18061610
18061611
18061612
18061613
18061902
19061602
19061603
19061605
19061606
19061614
19061616
19061620
19061623
19061624
19061625
