12062026
13061014
13061065
13061069
13069038
14013092
14061005
14061609
14061701
14061711
14061712
14069019
14069040
14069901
15054021
15061009
15061026
15061031
15061032
15061035
15061036
15061060
15061066
15061073
15061614
15061904
15061907
15069003
15069015
15069016
15069030
15069032
15069034
15069703
15069902
16042055
16061004
16061005
16061006
16061007
16061010
16061012
16061015
16061018
16061023
16061025
16061026
16061027
16061031
16061046
16061047
16061060
16061061
16061064
16061069
16061070
16061075
16061076
16061080
16061086
16061098
16061105
16061113
16061129
16061701
16061702
16061704
16061705
16061902
16069002
16069005
16069007
16069012
16069013
16069015
16069017
16069018
16069020
16069022
16069023
16069025
16069029
16069035
16069036
16069041
16069056
16069074
16069904
17051031
17061024
17061027
17061028
17061030
17061037
17061040
17061047
17061049
17061053
17061054
17061066
17061072
17061078
17061502
17061602
17061611
17061703
17061904
17061908
17069001
17069011
17069014
17069015
17069018
17069030
17069034
17069039
17069041
17069042
17069604
17069607
17069704
18061002
18061003
18061004
18061014
18061030
18061045
18061049
18061502
18061610
18061611
18069050
19061601
19061603
19061609
19061611
19061612
19061616
19061623
19069601
19069604
19069605
19069613
