13069038
14013092
14069901
14069904
15061027
15061028
15061031
15061039
15061066
15061067
15061068
15061501
15061907
15069020
15069024
15069032
15069034
15069038
15069902
16061001
16061004
16061006
16061009
16061018
16061021
16061027
16061037
16061043
16061044
16061045
16061049
16061051
16061052
16061056
16061057
16061061
16061063
16061066
16061073
16061080
16061082
16061501
16069006
16069013
16069018
16069020
16069024
16069025
16069030
16069032
16069902
17061035
17061036
17061040
17061051
17061907
17069030
17069610
17069611
18061606
18061607
18061609
18061616
18069604
19061609
19069605
