14069015
14069901
15061007
15061011
15061041
15061047
15061050
15061062
15061072
15061901
15069002
15069003
15069005
15069008
15069014
15069023
15069025
15069026
15069027
15069028
15069030
15069033
15069034
15069037
15069905
16061022
16061023
16061035
16061040
16061052
16061054
16061065
16061078
16061081
16061129
16069014
16069015
16069021
16069026
16069031
16069035
16069038
16069040
16069045
16069046
16069068
16069903
16069905
17061026
17061029
17061036
17061057
17061071
17061703
17061903
17069046
17069603
17069704
18061502
18061607
18061609
18069604
