12061046
12061073
12062010
13061022
13061042
14061002
14061045
14061703
14061707
15051023
15051063
1505B028
15061045
15061072
15061609
15069019
16061001
16061009
16061036
16061037
16061038
16061043
16061044
16061045
16061049
16061051
16061052
16061054
16061065
16061066
16061073
16061081
16061082
16061106
16061119
16061501
16061612
16069008
16069010
16069011
16069024
16069030
16069057
16069902
16069903
17061003
17061004
17061018
17061035
17061036
17061048
17061051
17061071
17061606
17061907
17069008
17069013
17069033
17069051
18061020
18061609
18061616
18069602
