12061073
12061901
12062010
13051036
13061065
13061069
14013092
14042057
14061045
140A3001
15061004
15061005
15061007
15061011
15061017
15061021
15061023
15061028
15061030
15061032
15061035
15061042
15061043
15061046
15061048
15061052
15061053
15061055
15061058
15061060
15061061
15061062
15061065
15061068
15061075
15061077
15061078
15061080
15061502
15061701
15061906
15065020
16061001
16061004
16061005
16061009
16061010
16061012
16061015
16061017
16061023
16061024
16061025
16061026
16061027
16061034
16061036
16061037
16061038
16061042
16061043
16061044
16061045
16061046
16061047
16061049
16061051
16061054
16061055
16061056
16061061
16061063
16061065
16061066
16061069
16061070
16061073
16061075
16061078
16061081
16061082
16061084
16061086
16061118
16061501
16061607
16061701
16061702
16061704
16061901
16061902
16061903
17061003
17061024
17061029
17061035
17061040
17061051
17061071
17061601
17061907
17061908
18061606
18061607
18061609
18061615
19061601
19061609
