14013092
14061701
14061703
14061707
14061906
140A3001
15061035
15061038
15061058
15061504
15061904
16061001
16061004
16061005
16061007
16061009
16061010
16061017
16061018
16061023
16061024
16061026
16061036
16061037
16061038
16061039
16061042
16061043
16061044
16061045
16061046
16061047
16061049
16061052
16061055
16061057
16061061
16061063
16061065
16061066
16061069
16061070
16061073
16061075
16061080
16061082
16061129
16061501
16061701
16061702
16061704
16061902
17061024
17061029
17061034
17061035
17061051
17061057
17061071
17061907
17061908
18061604
18061607
18061609
18061614
18061615
19061601
