13061022
13061065
13061069
14042057
14061005
14061703
15061019
15061038
15061043
15061048
15061060
15061065
15061078
16061001
16061005
16061006
16061010
16061012
16061018
16061023
16061024
16061025
16061026
16061036
16061037
16061038
16061042
16061044
16061046
16061049
16061051
16061052
16061054
16061056
16061066
16061069
16061073
16061075
16061080
16061082
16061084
16061501
16061611
16061704
16061902
17061003
17061024
17061047
17061049
17061051
17061057
17061071
17061072
17061908
19061601
19061609
