12062024
13061022
13061710
14061707
14061712
15061001
15061006
15061009
15061016
15061022
15061026
15061029
15061038
15061047
15061050
15061056
15061066
15061069
15061072
15061704
15061705
15061901
15061904
15069005
15069007
15069011
15069019
15069020
15069024
15069026
15069029
15069030
15069032
15069034
15069036
15069038
15069702
15069703
15069902
16061021
16061028
16061031
16061035
16061040
16061041
16061057
16061058
16061068
16061071
16061083
16061085
16061095
16061099
16061121
16069002
16069004
16069006
16069007
16069008
16069010
16069011
16069013
16069014
16069015
16069017
16069018
16069021
16069024
16069025
16069029
16069030
16069032
16069033
16069035
16069037
16069041
16069045
16069046
16069047
16069068
16069904
16069905
17061018
17061034
17061049
17061611
17069001
17069014
17069015
17069030
17069033
17069041
17069051
17069601
17069607
17069610
17069704
18061020
18061614
18061616
19069604
19069605
