14061045
15051063
15054021
15061050
15061609
1605B018
16061072
16069016
17061001
17061004
17061005
17061007
17061012
17061013
17061014
17061015
17061019
17061023
17061028
17061038
17061039
17061041
17061042
17061054
17061059
17061061
17061062
17061063
17061064
17061068
17061070
17061073
17061076
17061077
17061079
17061082
17061905
17069006
17069012
17069013
17069017
17069019
17069025
17069035
17069039
17069047
17069048
17069501
17069903
18061002
18061004
18061021
18061024
18061025
18061039
18061040
18061043
18061045
18061055
18061064
18061066
18061067
18061082
18061605
18061610
18061902
18061908
18069006
18069009
18069017
18069023
18069030
18069031
18069039
18069604
18069906
18069907
19061606
19061616
19061624
19061625
