18061034
18061035
18061036
18061037
18061038
18061041
18061042
18061044
18061051
18061056
18061057
18061060
18061061
18061062
18061063
18061065
18061070
18061073
18061075
18061076
18061077
18061080
18061608
18061614
18061907
19061005
19061007
19061008
19061010
19061011
19061014
19061018
19061020
19061021
19061025
19061026
19061028
19061034
19061035
19061038
19061041
19061042
19061044
19061051
19061053
19061055
19061056
19061062
19061063
19061069
19061070
19061072
19061075
19061076
19061079
19061081
19061082
19061610
19061611
19061612
19061613
19061617
19061618
19061619
19061621
19061622
19061703
19061902
19061915
