10062071
12061012
12061046
12061073
12062024
13061002
14013092
14069015
14069019
14069025
15061042
15061047
15061056
15061614
15061901
15069002
15069005
15069007
15069009
15069010
15069011
15069018
15069019
15069020
15069023
15069024
15069025
15069026
15069027
15069029
15069030
15069032
15069034
15069037
15069038
15069702
15069703
15069902
15069905
16061013
16061021
16061028
16061040
16061057
16061068
16061070
16069002
16069004
16069006
16069012
16069014
16069017
16069021
16069026
16069028
16069030
16069031
16069032
16069033
16069037
16069038
16069040
16069041
16069045
16069046
16069068
16069902
16069905
17061018
17061601
17061610
17061612
17069030
17069033
17069601
17069603
17069607
17069610
17069611
17069704
18061614
18069604
19069605
