14069003
14069040
14069904
15069016
16069005
16069023
16069034
16069036
16069056
16069066
16069074
17061005
17061008
17061015
17061017
17061020
17061030
17061068
17061073
17061076
17061077
17069003
17069004
17069005
17069006
17069007
17069012
17069016
17069017
17069018
17069020
17069021
17069023
17069025
17069026
17069027
17069028
17069029
17069031
17069034
17069035
17069037
17069038
17069039
17069040
17069042
17069043
17069044
17069046
17069047
17069048
17069050
17069052
17069501
17069604
17069609
17069702
17069901
18061024
18061025
18061040
18061501
18061908
18069001
18069003
18069006
18069009
18069012
18069017
18069023
18069027
18069030
18069031
18069039
18069041
18069043
18069047
18069050
18069605
18069606
18069901
18069906
18069907
19069601
19069603
19069613
