14013092
14069019
14069901
15061026
15061060
15061614
15069015
15069016
15069703
16069002
16069005
16069012
16069016
16069021
16069022
16069033
16069036
16069904
17061008
17061020
17061029
17061030
17061068
17061073
17061611
17069003
17069004
17069005
17069006
17069007
17069011
17069012
17069016
17069017
17069018
17069019
17069020
17069021
17069023
17069025
17069026
17069027
17069029
17069030
17069031
17069034
17069035
17069037
17069038
17069040
17069041
17069042
17069043
17069044
17069046
17069047
17069048
17069050
17069052
17069501
17069609
17069702
17069901
18061025
18061040
18061501
18061901
18061908
18065130
18069001
18069003
18069006
18069009
18069012
18069017
18069023
18069027
18069028
18069030
18069031
18069039
18069041
18069043
18069047
18069605
18069606
18069906
18069907
19061601
19069601
19069603
